39679
10066
26373
96362
96360
46914
65933
10867
40221
85094
70868
7659
48797
66110
50559
35912
77441
7267
30609
24633
7225
63672
18902
26667
9117
16068
79608
79130
12834
81072
94271
94763
17871
78263
14728
77773
80999
99803
96351
10603
77849
93218
31956
58011
38628
65513
40352
12058
61182
50849
89698
19025
42033
13515
19370
78386
33263
91933
97172
92370
89652
97873
6507
90523
24582
93110
49059
16822
86605
65204
6543
99544
8464
55510
46920
67174
76381
32334
71545
29479
78100
14457
80479
15673
37101
96444
81587
59948
89140
29962
19358
76654
1954
62360
20743
37315
94460
70767
79302
99259
